5003.468,5043.252,207.513
5004.471,5048.507,207.584
5010.592,5046.746,207.540
5011.906,5042.279,207.577
5014.409,5032.874,207.716
5015.141,5052.498,207.724
5015.290,5032.788,207.714
5016.395,5046.293,207.534
5017.407,5060.458,208.036
5018.013,5010.116,208.113
5018.623,5050.892,207.703
5019.564,5064.507,207.943
5019.613,5022.448,207.722
5019.903,5057.892,207.923
5022.126,5041.716,207.677
5022.355,5033.005,207.544
5022.728,5049.589,207.704
5022.932,5055.486,207.831
5023.254,5046.252,207.630
5023.408,5062.477,207.925
5023.411,5023.480,207.837
5026.334,5090.649,212.352
5026.828,5092.663,212.347
5028.342,5032.816,207.878
5028.402,5094.017,212.437
5031.192,5009.889,208.138
5031.260,5041.686,207.783
5031.432,5014.810,208.113
5031.674,5026.125,207.991
5032.540,5033.003,207.646
5032.957,5046.135,207.746
5033.952,5090.469,212.260
5034.986,5088.106,212.218
5035.598,5091.037,212.214
5035.930,5029.846,207.785
5037.468,5087.402,211.895
5037.954,5027.600,207.962
5038.794,5087.032,211.041
5039.071,5087.893,211.050
5040.375,5028.670,207.848
5040.392,5033.411,207.798
5042.145,5025.953,207.992
5042.269,5042.200,207.866
5043.222,5085.952,211.075
5043.312,5033.304,207.846
5043.637,5087.791,211.480
5043.740,5025.541,208.032
5044.014,5026.776,208.214
5044.729,5029.557,208.200
5044.838,5046.616,207.896
5044.974,5031.187,208.148
5045.013,5046.671,207.914
5045.765,5051.909,208.404
5046.934,5088.781,211.287
5047.354,5007.675,208.788
5047.566,5015.696,208.436
5047.861,5058.059,209.660
5048.304,5022.081,208.307
5048.437,5086.497,211.074
5048.478,5026.709,208.264
5048.632,5030.448,208.252
5048.703,5033.404,208.117
5049.718,5042.507,207.951
5049.750,5065.013,209.969
5049.761,5068.792,210.007
5049.859,5082.098,210.826
5049.999,5047.804,207.996
5050.100,5074.374,210.318
5050.120,5082.463,210.850
5052.129,5085.792,210.963
5052.135,5086.308,210.978
5053.517,5030.874,208.317
5053.838,5086.909,210.998
5053.954,5033.927,208.173
5055.463,5086.390,211.002
5056.120,5058.092,209.475
5056.335,5076.067,210.482
5056.771,5080.051,210.658
5057.564,5063.926,209.574
5058.143,5068.737,209.764
5058.213,5083.914,211.080
5059.220,5075.377,210.547
5059.308,5042.863,208.032
5059.390,5080.111,210.659
5060.117,5057.357,209.341
5060.158,5034.146,208.240
5060.187,5030.355,208.321
5061.214,5062.938,209.328
5061.600,5066.856,209.516
5061.668,5071.284,209.784
5061.863,5074.906,210.409
5062.071,5099.907,223.317
5062.355,5079.881,210.682
5062.386,5027.871,208.388
5062.801,5083.311,211.133
5063.411,5056.436,209.006
5064.034,5025.080,208.467
5064.081,5067.628,209.520
5064.440,5070.964,209.743
5064.686,5089.636,212.897
5064.713,5033.085,208.284
5064.731,5062.525,209.238
5065.130,5034.420,208.254
5065.962,5025.046,209.019
5066.036,5030.987,209.010
5066.483,5089.003,212.607
5066.765,5052.664,208.669
5066.998,5048.650,208.323
5067.215,5058.518,208.981
5068.664,5067.384,209.449
5069.277,5034.694,208.297
5069.339,5043.437,208.119
5069.563,5033.308,208.286
5069.676,5052.756,208.713
5069.857,5088.200,212.383
5069.878,5086.193,211.080
5070.598,5031.491,209.102
5071.532,5087.714,211.046
5072.268,5064.911,209.272
5072.292,5067.286,209.434
5072.496,5070.122,209.692
5072.752,5055.213,208.827
5073.026,5054.591,208.770
5073.340,5085.674,211.002
5074.138,5034.894,208.314
5074.677,5033.605,208.344
5074.680,5031.836,209.100
5074.918,5086.835,210.924
5075.187,5032.995,208.378
5075.231,5065.726,209.291
5075.268,5059.498,208.961
5075.305,5048.312,208.220
5075.411,5052.537,208.611
5075.669,5069.490,209.618
5075.904,5031.863,208.415
5076.148,5034.977,208.332
5076.218,5043.610,208.172
5077.164,5074.997,209.893
5077.352,5011.815,208.990
5077.437,5057.626,208.837
5077.559,5015.747,208.977
5077.696,5063.582,209.152
5077.866,5085.280,210.703
5078.074,5078.326,209.983
5078.114,5020.096,208.839
5078.162,5084.115,210.229
5078.305,5086.397,210.756
5078.321,5030.667,208.537
5078.624,5023.947,208.756
5078.708,5069.714,209.585
5078.910,5048.564,208.263
5079.090,5051.038,208.436
5079.117,5016.809,208.902
5079.289,5072.800,209.664
5079.454,5074.747,209.769
5079.783,5056.017,208.699
5080.047,5035.208,208.352
5080.183,5011.789,209.050
5080.254,5060.416,208.949
5080.263,5025.350,208.702
5080.339,5078.682,209.985
5080.385,5009.763,208.942
5080.556,5032.280,208.476
5080.663,5064.995,209.205
5080.948,5086.140,210.391
5081.082,5020.121,208.826
5081.194,5069.012,209.460
5081.369,5083.217,210.211
5081.581,5018.381,208.740
5081.850,5051.335,208.481
5082.044,5024.438,208.725
5082.063,5074.614,209.779
5082.215,5049.881,208.339
5082.396,5055.579,208.694
5082.542,5079.278,209.981
5082.554,5029.399,208.578
5082.623,5060.172,208.906
5082.695,5026.192,208.593
5083.650,5085.857,210.278
5083.710,5033.931,208.479
5083.875,5064.683,209.222
5083.914,5035.533,208.417
5084.361,5088.848,210.482
5084.668,5069.894,209.579
5084.726,5009.143,208.922
5084.925,5073.198,209.800
5085.139,5075.604,209.939
5085.221,5025.698,208.625
5085.348,5049.659,208.411
5085.517,5098.332,221.741
5085.610,5014.151,208.810
5085.842,5082.769,210.259
5086.125,5017.919,208.733
5086.380,5085.843,210.323
5087.086,5089.318,210.529
5087.929,5044.124,208.285
5088.097,5020.942,208.724
5088.241,5026.447,208.692
5088.365,5035.356,208.441
5088.634,5033.711,208.473
5089.683,5013.181,208.820
5089.903,5082.485,210.407
5090.333,5007.810,208.925
5090.528,5086.484,210.432
5091.164,5090.051,210.621
5091.677,5048.975,208.452
5093.031,5035.240,208.411
5093.084,5065.791,209.216
5093.303,5068.668,209.280
5093.385,5083.140,210.472
5093.424,5071.914,209.300
5093.463,5033.623,208.548
5094.453,5082.007,210.414
5094.779,5043.806,208.350
5095.494,5094.025,215.968
5096.451,5097.484,219.830
5097.236,5068.182,209.280
5098.184,5070.671,209.286
5098.457,5092.585,213.088
5099.574,5048.027,208.462
5100.337,5050.932,208.662
5100.393,5068.987,209.272
5100.448,5067.249,209.270
5100.760,5069.898,209.279
5100.840,5093.989,215.274
5100.858,5065.080,209.192
5100.868,5054.373,208.728
5101.056,5090.859,212.954
5101.272,5057.415,208.751
5101.471,5085.905,211.190
5101.497,5078.306,209.532
5101.641,5061.793,208.830
5101.649,5074.280,209.403
5101.711,5092.330,213.376
5101.913,5064.372,208.909
5101.981,5070.861,209.086
5102.051,5067.263,209.010
5102.515,5033.411,208.559
5102.655,5035.061,208.506
5103.438,5053.984,208.537
5104.062,5083.273,209.491
5104.077,5044.028,208.440
5104.221,5071.081,209.212
5104.561,5069.175,208.825
5104.580,5059.304,208.617
5105.010,5092.119,212.955
5105.115,5064.024,208.707
5105.440,5085.102,210.806
5105.453,5079.862,209.373
5105.525,5089.933,212.144
5105.743,5070.995,209.159
5106.217,5075.023,209.191
5106.343,5094.941,217.919
5106.445,5093.291,214.429
5108.511,5051.280,208.521
5108.539,5092.378,213.990
5108.547,5054.432,208.582
5109.314,5059.207,208.649
5109.813,5063.640,208.717
5110.146,5074.794,209.067
5110.458,5074.341,209.056
5110.695,5033.189,208.599
5110.942,5034.943,208.559
5110.976,5068.317,208.822
5111.890,5026.485,208.736
5112.048,5032.582,208.625
5112.521,5069.827,208.983
5112.761,5071.839,209.021
5113.079,5028.714,208.705
5113.240,5050.428,208.701
5113.822,5054.568,208.596
5114.395,5043.821,208.516
5114.585,5026.394,208.741
5114.619,5023.959,208.883
5114.645,5063.829,208.745
5114.707,5023.252,209.164
5114.843,5058.850,208.669
5114.951,5032.906,208.600
5115.092,5026.343,208.980
5115.187,5030.171,208.652
5115.277,5050.413,208.755
5115.315,5034.832,208.602
5115.522,5030.053,208.763
5116.024,5033.247,208.589
5116.053,5069.150,209.050
5116.437,5070.809,209.080
5116.927,5073.068,209.116
5116.932,5051.623,208.681
5117.678,5068.593,209.004
5117.726,5022.415,209.165
5118.043,5024.274,209.170
5118.223,5057.552,208.767
5118.226,5064.557,208.901
5118.450,5028.457,208.884
5118.755,5069.313,209.025
5119.046,5033.259,208.623
5119.158,5047.894,208.547
5119.624,5034.754,208.612
5119.698,5053.529,208.678
5120.087,5051.123,208.610
5120.590,5060.740,208.843
5120.719,5070.862,209.126
5121.149,5058.654,208.799
5121.227,5069.103,209.106
5121.759,5064.462,208.980
5121.862,5073.067,209.314
5122.777,5048.298,208.620
5123.034,5034.467,208.664
5123.073,5050.623,208.627
5123.255,5032.750,208.685
5123.339,5080.627,210.158
5123.623,5077.400,209.744
5123.741,5069.030,209.188
5124.476,5058.669,208.873
5124.510,5072.778,209.397
5125.067,5083.336,210.569
5125.329,5063.714,209.099
5126.015,5080.484,210.182
5126.312,5084.448,210.629
5126.554,5076.958,209.888
5126.680,5067.948,209.258
5127.035,5068.861,209.525
5127.366,5071.908,209.593
5127.657,5032.410,208.741
5127.761,5047.695,208.674
5127.846,5034.317,208.706
5128.586,5076.589,209.820
5128.751,5071.423,209.744
5129.027,5083.815,210.557
5129.346,5083.723,210.139
5130.534,5076.180,209.814
5130.703,5076.612,210.148
5131.079,5032.113,208.765
5131.184,5079.632,210.191
5131.429,5034.368,208.733
5132.109,5076.753,210.180
5132.424,5083.400,210.257
5132.755,5030.947,208.771
5132.850,5080.343,210.200
5133.392,5043.141,208.684
5134.059,5032.833,208.752
5134.319,5034.097,208.736
5134.870,5002.355,209.917
5135.491,5005.384,209.921
5135.651,5006.029,209.320
5135.705,5046.653,208.697
5137.353,5046.443,208.759
5137.743,5012.721,209.179
5137.766,5079.680,210.268
5138.449,5075.300,210.391
5138.504,5077.530,210.296
5139.209,5019.717,208.996
5140.081,5029.061,208.880
5140.110,5003.710,209.747
5140.231,5032.423,208.856
5140.913,5008.155,209.107
5141.251,5033.672,208.971
5141.274,5045.927,208.835
5141.437,5024.975,208.908
5142.510,5016.101,209.032
5142.585,5042.786,208.742
5143.336,5023.565,208.873
5144.486,5074.393,210.653
5144.885,5077.540,210.790
5145.002,5094.028,217.912
5145.601,5029.570,208.921
5145.961,5033.767,208.958
5146.354,5092.935,217.490
5146.962,5059.878,209.473
5147.333,5055.985,209.349
5147.566,5075.662,210.825
5147.630,5083.493,211.696
5147.779,5078.086,211.042
5149.332,5068.085,210.392
5149.452,5063.379,209.624
5149.835,5083.276,211.669
5150.485,5072.977,210.812
5150.846,5044.841,208.896
5150.866,5063.005,209.700
5151.243,5076.632,211.109
5151.283,5058.891,209.431
5151.539,5084.678,212.405
5151.735,5054.884,209.379
5151.811,5088.008,213.514
5151.879,5050.531,209.161
5152.204,5041.316,208.886
5152.945,5067.261,210.038
5153.162,5048.507,209.013
5153.224,5027.805,208.896
5153.397,5090.353,216.947
5153.399,5090.354,216.946
5153.968,5032.745,208.928
5154.063,5076.261,211.082
5155.221,5054.600,209.243
5155.345,5065.805,209.826
5155.694,5061.643,209.715
5155.936,5068.846,209.933
5158.126,5088.561,216.624
5158.711,5048.839,209.150
5158.933,5053.905,209.351
5159.019,5074.812,211.065
5159.099,5060.538,209.654
5159.788,5040.474,208.982
5160.029,5044.850,209.006
5160.782,5077.448,211.424
5161.242,5050.788,209.322
5162.611,5059.542,209.776
5162.869,5057.967,209.699
5163.392,5086.979,216.273
5164.786,5069.324,210.897
5165.495,5077.134,211.690
5165.535,5072.713,211.294
5168.378,5085.299,215.613
5058.571,5093.596,216.034
5059.948,5092.527,215.927
5061.029,5091.852,215.945
5062.183,5091.764,215.793
5065.563,5094.232,219.713
5066.621,5097.032,221.849
5067.262,5093.495,219.479
5070.002,5093.195,219.210
5073.618,5093.283,219.150
5076.220,5093.125,218.768
5080.080,5094.502,218.937
5083.732,5094.039,218.276
5086.517,5093.668,217.724
5088.262,5093.399,217.200
5088.484,5093.664,217.158
5090.648,5093.131,216.548
5095.347,5092.883,216.207
5060.855,5095.052,217.761
5062.168,5092.875,216.554
5049.388,5058.780,209.284
5049.539,5059.219,209.640
5050.899,5058.540,209.305
5051.037,5059.052,209.619
5060.708,5071.491,209.834
5060.840,5072.380,210.318
5061.525,5071.382,209.798
5061.567,5072.325,210.319
5066.594,5069.315,209.596
5066.779,5070.756,209.688
5071.072,5068.848,209.586
5071.257,5070.365,209.692
5084.628,5073.331,209.821
5084.789,5075.354,209.867
5085.109,5073.270,209.821
5085.265,5075.308,209.941
5062.825,5047.550,208.169
5069.382,5047.800,208.217
5074.280,5047.984,208.190
5079.333,5072.995,209.671
5081.876,5048.328,208.246
5084.798,5072.237,209.743
,, DU-R80.1  1200     5079.201     5066.091
,,  DU-R130  1200     5156.841     5043.937
5081.181,5046.695,208.138
5100.041,5046.877,208.312
5105.646,5050.650,208.438
5111.703,5050.592,208.481
,,  DU-S150  1400     5080.922     5049.319
,,   DU-S07  1400     5157.589     5041.273
5020.126,5039.150,207.722
5020.126,5043.817,207.583
5020.126,5040.808,207.684
5020.126,5035.409,207.603
5020.126,5044.495,207.562
5020.126,5044.669,207.563
5020.126,5046.035,207.600
5020.126,5064.210,207.940
5020.126,5061.372,207.986
5020.126,5058.184,207.923
5020.126,5050.415,207.703
5020.126,5052.494,207.748
5020.126,5057.715,207.916
5020.126,5028.041,207.650
5020.126,5032.937,207.598
5021.066,5028.041,207.628
5022.905,5028.041,207.697
5025.820,5028.041,207.857
5030.719,5028.041,207.959
5031.915,5028.041,207.895
5032.017,5017.751,208.080
5032.507,5026.144,207.989
5032.903,5017.695,208.079
5033.288,5015.120,208.144
5033.390,5016.846,208.091
5033.438,5017.661,208.080
5033.866,5028.041,207.885
5034.431,5009.445,208.268
5035.139,5015.014,208.187
5037.075,5025.877,207.982
5037.557,5028.041,207.927
5038.951,5028.041,207.915
5039.152,5008.799,208.458
5039.160,5009.418,208.431
5039.203,5012.730,208.284
5039.223,5014.226,208.275
5039.230,5014.780,208.272
5040.230,5014.770,208.292
5040.239,5015.294,208.289
5040.270,5017.261,208.227
5040.784,5028.041,207.881
5041.584,5028.041,207.970
5041.805,5025.600,207.996
5041.941,5017.241,208.264
5041.951,5017.481,208.257
5042.348,5025.568,208.009
5042.414,5025.444,208.014
5042.421,5025.564,208.010
5043.521,5008.200,208.634
5043.607,5014.292,208.364
5043.620,5015.198,208.359
5043.624,5015.480,208.357
5043.642,5016.773,208.316
5043.644,5016.942,208.311
5043.651,5017.461,208.295
5044.339,5028.041,208.208
5046.724,5028.041,208.234
5048.178,5016.045,208.437
5048.293,5021.462,208.320
5048.533,5028.041,208.260
5049.284,5022.332,208.316
5049.287,5022.485,208.313
5049.382,5026.784,208.272
5049.383,5026.799,208.272
5049.398,5027.469,208.274
5049.410,5028.041,208.272
5049.434,5029.124,208.268
5049.464,5030.435,208.263
5049.484,5021.442,208.338
5049.503,5022.310,208.319
5049.504,5022.332,208.319
5049.611,5022.330,208.320
5050.090,5028.041,208.281
5050.102,5047.795,207.997
5050.785,5051.944,208.498
5050.793,5051.994,208.505
5050.865,5052.428,208.563
5051.298,5055.059,208.857
5052.893,5030.359,208.310
5053.025,5054.757,208.938
5053.778,5030.339,208.325
5054.430,5030.324,208.325
5054.432,5030.324,208.325
5054.442,5030.324,208.325
5054.671,5030.319,208.326
5054.746,5030.317,208.327
5054.826,5030.316,208.327
5055.024,5054.407,208.966
5055.415,5081.866,211.037
5055.587,5084.324,210.916
5055.625,5084.615,210.929
5055.652,5084.316,210.916
5055.688,5046.897,208.023
5055.726,5084.124,211.018
5055.818,5086.071,211.012
5055.899,5086.687,211.214
5055.928,5086.908,211.311
5055.931,5057.889,209.442
5055.948,5057.951,209.450
5055.983,5057.945,209.451
5056.015,5087.567,211.551
5056.071,5057.928,209.452
5056.115,5088.320,211.855
5056.143,5088.532,211.943
5056.155,5057.912,209.453
5056.185,5088.528,211.947
5056.453,5088.500,211.987
5056.893,5054.080,208.993
5057.280,5088.413,212.208
5057.426,5046.617,208.059
5057.498,5047.066,208.123
5057.709,5048.382,208.298
5057.748,5021.498,208.455
5057.767,5022.152,208.441
5058.002,5048.322,208.302
5058.086,5084.028,211.076
5058.254,5084.008,211.119
5058.276,5088.309,212.373
5058.649,5048.191,208.278
5058.855,5022.128,208.457
5058.951,5048.130,208.273
5059.340,5049.946,208.484
5059.519,5053.621,208.908
5059.958,5057.195,209.324
5060.026,5088.125,212.827
5060.042,5022.805,208.459
5060.051,5023.219,208.451
5060.074,5024.325,208.427
5060.088,5057.171,209.319
5060.128,5026.901,208.376
5060.128,5026.892,208.376
5060.129,5026.943,208.375
5060.145,5027.684,208.368
5060.149,5027.869,208.368
5060.152,5028.041,208.369
5060.181,5057.153,209.318
5060.185,5030.196,208.324
5060.198,5030.195,208.324
5060.321,5057.127,209.305
5060.569,5099.886,223.302
5061.398,5053.292,208.882
5061.466,5087.974,212.858
5061.655,5071.490,209.890
5061.735,5072.246,210.285
5061.765,5082.205,211.060
5061.846,5098.236,223.006
5061.884,5028.041,208.384
5061.995,5074.704,210.375
5062.004,5074.787,210.388
5062.236,5028.041,208.383
5062.467,5028.041,208.408
5062.510,5079.562,210.647
5062.551,5049.446,208.447
5062.562,5080.055,210.693
5062.565,5049.584,208.463
5062.694,5082.131,211.063
5062.754,5083.475,211.194
5062.784,5082.149,210.994
5062.786,5056.610,209.070
5062.809,5083.469,211.197
5062.823,5083.467,211.174
5062.824,5083.467,211.173
5062.897,5083.458,211.171
5062.912,5083.356,211.132
5062.922,5083.455,211.166
5062.923,5053.025,208.741
5062.929,5083.508,211.184
5063.012,5087.812,212.955
5063.252,5056.188,208.996
5063.281,5056.472,209.019
5063.285,5056.506,209.018
5063.417,5087.770,212.286
5063.424,5087.769,212.286
5063.457,5087.766,212.285
5063.557,5088.723,212.533
5063.791,5071.271,209.873
5064.205,5026.088,208.961
5064.271,5071.222,209.787
5064.336,5028.041,208.954
5064.631,5032.965,209.085
5064.645,5032.628,208.939
5064.935,5028.041,208.981
5065.999,5028.041,209.014
5066.128,5088.454,212.465
5066.133,5028.041,209.017
5066.210,5025.024,209.014
5066.219,5025.404,209.024
5066.288,5028.041,209.020
5066.360,5030.776,209.017
5066.496,5070.995,209.729
5066.540,5097.028,222.066
5066.672,5070.977,209.712
5066.820,5070.962,209.706
5067.295,5088.332,212.242
5068.685,5088.186,211.941
5069.614,5084.667,210.943
5069.639,5085.004,210.973
5069.720,5086.060,211.072
5069.723,5086.105,211.078
5069.725,5086.131,211.081
5069.739,5086.308,211.143
5069.743,5086.360,211.159
5069.781,5086.354,211.150
5069.858,5088.063,212.294
5069.877,5086.340,211.176
5069.887,5086.339,211.081
5069.993,5088.049,211.099
5070.015,5084.626,210.943
5070.016,5030.681,209.092
5070.017,5086.320,211.077
5070.214,5088.026,211.091
5070.293,5086.280,211.071
5070.338,5086.615,211.071
5070.513,5087.955,211.081
5070.519,5087.994,211.083
5070.962,5084.527,210.903
5071.245,5070.509,209.705
5071.419,5070.491,209.697
5071.501,5030.642,209.063
5071.692,5084.451,210.837
5072.293,5084.389,210.827
5072.722,5070.358,209.702
5073.303,5084.295,210.813
5073.408,5085.419,210.967
5073.511,5085.408,210.965
5074.451,5085.315,210.824
5074.744,5033.473,209.102
5075.326,5030.543,209.044
5075.819,5070.041,209.646
5076.226,5070.000,209.625
5076.429,5069.979,209.622
5076.932,5074.937,209.895
5076.969,5075.296,209.925
5077.069,5074.922,209.890
5077.091,5074.920,209.890
5077.142,5074.915,209.889
5077.254,5074.903,209.883
5077.267,5074.902,209.882
5077.360,5079.011,210.079
5077.398,5079.375,210.129
5077.904,5084.198,210.270
5077.946,5084.966,210.575
5077.973,5084.858,210.531
5077.984,5084.962,210.566
5078.120,5023.991,208.766
5078.133,5024.409,208.777
5078.147,5024.900,208.798
5078.242,5028.041,208.656
5078.314,5030.466,208.546
5078.429,5028.041,208.624
5078.439,5028.041,208.623
5078.653,5069.790,209.588
5078.935,5072.477,209.660
5079.001,5073.098,209.695
5079.020,5073.283,209.703
5079.169,5074.702,209.780
5079.280,5028.041,208.618
5080.294,5088.097,211.498
5080.984,5087.891,211.360
5081.004,5088.049,211.375
5081.158,5087.860,211.359
5081.601,5090.448,211.348
5081.786,5028.041,208.620
5082.032,5092.472,211.338
5082.196,5050.504,208.404
5082.253,5051.072,208.466
5082.336,5051.073,208.468
5082.339,5051.100,208.471
5082.614,5028.041,208.584
5082.749,5050.428,208.413
5082.762,5050.494,208.420
5082.818,5054.734,208.654
5082.883,5055.233,208.681
5083.076,5057.255,208.775
5083.147,5057.238,208.775
5083.166,5057.815,208.801
5083.508,5057.766,208.802
5083.532,5028.041,208.595
5083.667,5058.881,208.854
5083.867,5060.288,208.918
5083.901,5050.352,208.440
5083.945,5060.883,208.945
5084.087,5064.577,209.212
5084.105,5064.711,209.222
5084.425,5064.522,209.205
5084.627,5096.234,221.553
5084.772,5069.844,209.575
5084.776,5069.879,209.575
5084.781,5069.920,209.575
5084.837,5092.255,211.075
5085.076,5050.206,208.437
5085.081,5072.226,209.728
5085.170,5028.041,208.630
5085.214,5073.253,209.814
5085.257,5073.582,209.833
5085.394,5075.254,209.931
5085.418,5075.545,209.956
5085.461,5076.069,209.971
5086.003,5082.659,210.261
5087.320,5092.065,211.072
5087.655,5092.033,211.071
5088.218,5021.112,208.722
5088.221,5021.199,208.722
5088.291,5021.110,208.722
5088.328,5028.041,208.644
5088.380,5026.515,208.691
5088.384,5026.643,208.688
5088.426,5028.041,208.645
5088.518,5031.126,208.551
5088.539,5031.126,208.552
5088.757,5021.096,208.724
5088.788,5031.126,208.555
5088.812,5021.094,208.725
5088.822,5032.322,208.519
5088.849,5033.287,208.487
5088.858,5033.627,208.479
5089.401,5028.041,208.660
5089.802,5064.028,209.119
5089.809,5082.349,210.398
5089.815,5082.349,210.398
5089.952,5082.337,210.392
5090.982,5049.469,208.470
5091.310,5049.428,208.470
5091.317,5013.397,208.826
5091.319,5013.450,208.828
5091.323,5013.606,208.835
5091.323,5013.585,208.834
5091.324,5013.614,208.835
5091.327,5013.723,208.840
5091.329,5013.790,208.842
5091.330,5013.844,208.843
5091.330,5013.834,208.842
5091.336,5014.016,208.828
5091.338,5014.091,208.821
5091.340,5014.174,208.814
5091.449,5017.831,208.771
5091.508,5028.041,208.662
5091.625,5049.389,208.470
5091.697,5049.380,208.470
5091.710,5049.378,208.470
5091.771,5049.371,208.472
5092.050,5091.707,211.063
5092.070,5017.811,208.774
5092.083,5049.332,208.465
5092.118,5091.703,211.051
5092.160,5020.992,208.737
5092.250,5049.311,208.469
5092.282,5091.839,211.064
5092.293,5091.936,211.059
5092.320,5091.963,210.861
5092.416,5063.788,209.122
5092.673,5065.390,209.196
5092.691,5065.580,209.204
5092.707,5065.745,209.216
5092.728,5065.964,209.231
5092.840,5049.238,208.480
5092.939,5065.357,209.196
5092.995,5068.712,209.291
5093.047,5065.344,209.196
5093.178,5073.030,209.419
5093.213,5073.348,209.454
5093.303,5071.886,209.304
5093.306,5071.918,209.306
5093.307,5071.933,209.307
5093.310,5071.961,209.309
5093.332,5072.190,209.329
5093.411,5073.007,209.419
5093.426,5033.518,208.550
5093.511,5091.805,210.852
5093.517,5033.516,208.550
5093.885,5082.017,210.408
5094.671,5076.132,209.713
5094.720,5081.867,210.381
5094.722,5082.156,210.444
5094.742,5084.454,210.548
5094.752,5085.658,210.608
5095.473,5092.844,216.179
5095.488,5065.039,209.276
5095.508,5065.124,209.280
5095.580,5065.027,209.273
5095.657,5066.268,209.239
5095.692,5096.150,219.759
5096.306,5028.041,208.630
5096.553,5065.008,209.284
5096.622,5064.897,209.276
5096.681,5066.138,209.243
5096.754,5064.881,209.266
5096.937,5048.727,208.505
5097.198,5017.683,208.792
5097.841,5017.667,208.825
5098.015,5075.549,209.432
5098.042,5014.284,208.850
5098.047,5014.557,208.862
5098.062,5015.243,208.892
5098.064,5015.352,208.897
5098.065,5015.392,208.899
5098.076,5015.945,208.923
5098.083,5016.286,208.930
5098.088,5016.514,208.935
5098.089,5016.564,208.936
5098.107,5017.439,208.859
5098.112,5017.661,208.839
5098.115,5017.818,208.825
5098.116,5017.857,208.822
5098.125,5018.239,208.788
5098.182,5020.861,208.758
5098.524,5048.529,208.472
5098.540,5085.273,210.910
5099.162,5048.449,208.474
5099.170,5048.421,208.473
5099.550,5075.282,209.422
5099.700,5048.354,208.475
5099.764,5048.346,208.476
5099.799,5048.610,208.486
5099.855,5049.019,208.501
5100.056,5085.119,211.034
5100.092,5050.773,208.651
5100.106,5050.880,208.656
5100.330,5092.777,215.407
5100.422,5075.130,209.422
5100.431,5076.650,209.472
5100.436,5077.466,209.502
5100.443,5078.860,209.664
5100.478,5085.076,211.020
5100.554,5054.188,208.719
5100.952,5057.134,208.741
5101.033,5057.734,208.773
5101.033,5064.347,209.111
5101.040,5057.788,208.777
5101.220,5059.116,208.796
5101.547,5061.853,208.838
5101.573,5062.076,208.861
5101.833,5064.247,208.921
5102.351,5020.771,208.772
5102.392,5033.304,208.560
5102.538,5033.301,208.562
5102.668,5033.297,208.562
5103.441,5020.747,208.828
5104.564,5018.681,209.015
5104.572,5019.085,209.023
5104.574,5019.174,209.025
5104.604,5020.722,208.888
5104.954,5020.712,208.907
5105.014,5021.612,208.829
5106.271,5018.643,209.024
5106.700,5093.943,218.039
5106.960,5092.143,214.533
5109.784,5028.041,208.696
5110.074,5018.559,209.012
5110.275,5021.468,209.103
5110.417,5018.551,209.010
5110.419,5018.650,209.015
5110.437,5019.351,209.046
5110.459,5020.022,209.076
5110.506,5021.437,209.104
5110.507,5021.462,209.104
5110.509,5021.563,209.106
5110.509,5021.554,209.106
5110.526,5022.249,209.046
5110.527,5022.262,209.045
5110.597,5030.606,208.649
5110.640,5025.599,208.753
5110.644,5025.739,208.741
5110.660,5026.199,208.735
5110.667,5026.394,208.732
5110.673,5026.607,208.728
5110.676,5033.079,208.601
5110.677,5033.106,208.601
5110.697,5027.367,208.713
5110.706,5030.606,208.650
5110.717,5028.041,208.700
5110.797,5030.606,208.651
5111.398,5026.371,208.736
5111.613,5028.041,208.704
5111.683,5026.362,208.737
5111.714,5026.361,208.738
5111.848,5026.356,208.745
5112.007,5026.351,208.754
5112.036,5026.350,208.744
5112.720,5028.041,208.714
5112.863,5019.294,209.038
5113.516,5028.041,208.715
5113.687,5016.349,208.905
5113.771,5017.143,208.940
5113.838,5019.271,209.035
5113.862,5019.558,209.047
5113.865,5019.590,209.049
5113.867,5019.620,209.050
5113.982,5019.160,209.029
5113.999,5021.188,209.119
5114.006,5021.263,209.121
5114.028,5019.601,209.049
5114.142,5022.879,209.153
5114.142,5022.881,209.153
5114.143,5022.886,209.154
5114.155,5023.030,209.156
5114.199,5021.254,209.122
5114.220,5023.811,209.090
5114.261,5024.291,208.864
5114.378,5022.973,209.157
5114.428,5026.274,208.748
5115.007,5028.041,208.751
5115.255,5019.473,209.040
5115.289,5028.041,208.881
5116.526,5022.747,209.165
5117.759,5019.211,209.023
5117.760,5022.618,209.166
5117.789,5028.041,208.903
5117.849,5020.112,209.063
5117.999,5022.593,209.158
5118.034,5022.589,209.157
5118.078,5022.370,209.162
5118.099,5022.583,209.156
5118.104,5022.629,209.155
5118.108,5022.664,209.155
5118.287,5024.385,209.163
5118.298,5024.490,209.159
5118.409,5028.041,208.912
5118.668,5028.041,208.916
5118.709,5028.431,208.890
5119.189,5033.042,208.637
5119.200,5033.147,208.631
5122.494,5028.041,208.971
5123.221,5048.472,208.636
5123.250,5032.719,208.687
5123.278,5032.716,208.687
5123.515,5050.347,208.631
5124.702,5057.914,208.859
5124.805,5058.573,208.878
5124.823,5058.688,208.882
5125.422,5062.508,209.052
5125.711,5063.559,209.102
5125.722,5030.726,208.807
5125.734,5063.642,209.106
5125.759,5063.733,209.109
5125.922,5032.436,208.724
5126.217,5018.003,208.950
5126.343,5019.211,209.003
5126.348,5028.041,208.945
5126.561,5021.305,209.095
5126.703,5022.663,209.058
5126.896,5067.862,209.260
5126.909,5067.912,209.266
5126.909,5067.909,209.266
5126.911,5067.918,209.267
5127.063,5068.470,209.424
5127.104,5030.564,208.827
5127.234,5027.813,208.916
5127.258,5028.041,208.917
5127.310,5047.977,208.669
5127.484,5030.519,208.817
5127.513,5030.516,208.816
5127.636,5028.041,208.905
5127.654,5031.862,208.762
5127.691,5047.931,208.678
5127.703,5032.326,208.744
5128.017,5047.891,208.684
5128.813,5068.030,209.437
5128.874,5068.292,209.511
5128.881,5047.787,208.687
5128.905,5068.423,209.547
5129.274,5020.412,209.050
5129.332,5020.957,209.074
5129.446,5022.017,209.044
5129.484,5022.372,209.035
5129.492,5070.954,209.733
5129.644,5071.612,209.790
5130.684,5076.095,209.822
5130.720,5076.248,209.857
5130.744,5076.353,209.939
5130.905,5076.315,209.900
5130.990,5032.008,208.769
5131.144,5030.105,208.812
5131.253,5030.095,208.810
5131.269,5031.981,208.766
5131.321,5031.945,208.766
5131.324,5031.976,208.766
5132.372,5067.210,209.483
5133.149,5075.789,210.167
5133.361,5029.892,208.792
5134.183,5075.547,210.210
5134.376,5066.749,209.541
5134.386,5019.882,209.014
5134.421,5066.945,209.564
5134.425,5028.041,208.829
5134.432,5066.943,209.565
5134.432,5020.317,209.034
5134.461,5067.119,209.613
5134.481,5067.115,209.613
5134.486,5020.829,209.019
5134.596,5021.862,208.991
5134.599,5067.716,209.657
5134.646,5067.686,209.656
5134.789,5066.654,209.553
5134.890,5066.659,209.558
5135.786,5046.950,208.710
5135.800,5072.909,210.109
5135.818,5029.655,208.823
5135.860,5073.165,210.111
5135.881,5073.258,210.132
5135.936,5046.932,208.713
5135.942,5046.931,208.713
5136.037,5046.919,208.716
5136.147,5074.406,210.239
5136.173,5074.520,210.246
5136.173,5075.081,210.276
5136.173,5072.987,210.128
5136.173,5066.433,209.603
5136.173,5066.336,209.592
5136.173,5048.381,208.774
5136.173,5046.903,208.721
5136.173,5029.621,208.823
5136.173,5028.041,208.835
5136.173,5028.596,208.825
5136.173,5045.394,208.625
5136.173,5045.843,208.653
5136.173,5046.594,208.715
5136.173,5047.029,208.723
5136.173,5047.203,208.729
5136.173,5059.298,209.185
5136.173,5061.791,209.286
5136.173,5064.171,209.359
5136.173,5066.718,209.634
5136.173,5074.391,210.239
5136.173,5075.822,210.315
5136.173,5077.247,210.254
5136.173,5078.856,210.243
5136.173,5079.895,210.246
5136.173,5040.422,208.788
5136.173,5039.262,208.782
5136.173,5045.173,208.632
5136.173,5040.732,208.778
5136.173,5033.983,208.799
5136.173,5033.572,208.774
5136.173,5032.692,208.788
5136.173,5030.067,208.822
5136.173,5031.508,208.797
5136.296,5075.052,210.280
5136.501,5021.665,208.975
5136.509,5046.862,208.733
5136.630,5074.573,210.270
5136.794,5066.324,209.624
5136.886,5075.462,210.329
5137.117,5066.119,209.620
5137.230,5066.248,209.634
5137.247,5054.945,209.048
5137.607,5057.746,209.162
5137.647,5046.724,208.776
5137.947,5065.929,209.634
5137.957,5066.120,209.649
5138.190,5021.490,208.960
5138.195,5075.199,210.374
5138.247,5066.069,209.655
5138.410,5075.155,210.378
5138.441,5075.149,210.379
5138.503,5075.137,210.380
5138.544,5075.128,210.381
5138.577,5021.450,208.962
5138.767,5068.860,209.894
5138.944,5029.354,208.863
5138.947,5021.412,208.964
5139.435,5026.141,208.880
5139.455,5026.338,208.877
5139.658,5071.613,210.142
5139.731,5029.019,208.875
5139.735,5029.277,208.873
5139.744,5029.147,208.875
5139.756,5029.264,208.873
5139.758,5029.275,208.873
5139.963,5072.556,210.228
5140.656,5068.570,209.937
5140.658,5074.702,210.463
5140.688,5057.356,209.223
5140.950,5068.525,209.944
5140.992,5059.557,209.314
5141.178,5060.904,209.373
5141.345,5062.113,209.413
5141.474,5046.258,208.852
5141.513,5063.332,209.554
5141.768,5065.179,209.709
5142.303,5068.317,209.975
5143.210,5093.193,217.709
5143.742,5074.091,210.583
5144.089,5074.022,210.597
5144.385,5056.851,209.295
5144.555,5073.986,210.620
5144.813,5073.966,210.635
5144.853,5092.541,217.463
5145.430,5051.103,209.087
5145.609,5067.810,210.118
5145.675,5045.748,208.770
5145.731,5053.325,209.213
5145.907,5054.621,209.265
5145.940,5054.867,209.271
5145.943,5054.891,209.272
5146.040,5055.605,209.299
5146.103,5092.120,217.365
5146.180,5056.605,209.338
5146.519,5050.957,209.065
5146.628,5045.632,208.785
5146.730,5055.510,209.316
5146.740,5055.509,209.316
5146.824,5055.498,209.319
5147.002,5073.799,210.720
5147.023,5055.470,209.323
5147.050,5029.255,208.916
5147.234,5030.190,208.922
5147.245,5055.440,209.318
5147.708,5055.377,209.325
5147.857,5055.356,209.327
5147.890,5033.521,208.951
5147.941,5033.777,208.949
5148.221,5067.409,210.255
5148.394,5069.306,210.443
5148.765,5073.383,210.766
5148.791,5073.662,210.780
5149.891,5045.235,208.827
5150.782,5050.383,209.129
5150.895,5045.113,208.909
5150.930,5051.669,209.200
5150.992,5045.101,208.905
5151.283,5047.247,209.008
5151.302,5054.885,209.371
5151.605,5050.274,209.141
5151.643,5049.901,209.121
5151.692,5050.263,209.142
5151.720,5079.010,211.986
5152.307,5089.405,216.735
5152.484,5032.934,208.934
5152.655,5082.620,212.332
5152.792,5028.165,208.899
5153.332,5085.548,213.636
5153.700,5032.643,208.928
5153.713,5032.706,208.928
5154.202,5085.288,213.873
5155.218,5078.508,211.976
5155.277,5088.387,216.515
5155.886,5081.138,212.298
5155.924,5061.807,209.717
5156.577,5064.077,209.770
5157.282,5066.527,210.046
5157.981,5068.957,210.156
5158.094,5069.350,210.221
5158.438,5080.736,212.238
5158.506,5087.180,216.242
5158.784,5060.980,209.668
5158.936,5084.077,214.004
5159.219,5069.023,210.291
5159.290,5060.833,209.696
5160.901,5080.488,212.291
5161.630,5080.358,212.366
5161.895,5068.247,210.569
5162.666,5059.857,209.811
5162.730,5060.077,209.837
5163.608,5084.965,215.731
5163.741,5067.710,210.669
5164.129,5082.708,214.099
5164.385,5067.523,210.691
5168.338,5081.876,214.236
5168.569,5083.052,214.935
5035.900,5091.292,212.187
5039.959,5089.972,211.844
5043.684,5088.750,211.497
5050.672,5056.859,209.066
5051.302,5056.767,209.031
5052.205,5061.121,209.621
5052.701,5061.401,209.659
5052.882,5066.179,209.917
5053.319,5065.897,209.942
5053.707,5072.632,210.276
5053.709,5072.208,210.252
5054.099,5072.162,210.020
5054.149,5072.560,210.539
5054.163,5075.735,210.426
5054.286,5076.690,210.490
5054.354,5074.593,210.596
5054.487,5075.697,210.643
5054.602,5076.652,210.675
5054.640,5079.646,210.659
5054.880,5078.950,210.743
5055.016,5081.915,210.838
5055.346,5081.464,210.949
5055.387,5081.848,210.838
5055.662,5084.213,210.912
5055.884,5060.433,209.484
5055.914,5092.468,213.493
5055.995,5060.807,209.519
5056.524,5081.309,210.862
5057.254,5071.845,209.925
5057.384,5092.078,213.516
5058.040,5091.882,213.565
5058.243,5072.178,210.489
5058.367,5046.428,208.074
5059.393,5090.766,213.610
5060.361,5071.913,210.518
5060.532,5059.498,209.275
5060.611,5059.857,209.279
5060.763,5071.864,210.534
5060.865,5090.074,213.635
5061.735,5082.168,211.016
5062.310,5046.558,208.119
5062.614,5049.428,208.445
5062.698,5082.100,210.993
5063.105,5089.797,213.759
5063.681,5089.678,212.780
5064.454,5099.146,223.059
5065.814,5089.461,212.708
5066.142,5098.610,222.184
5067.937,5089.434,212.480
5069.758,5089.137,212.161
5069.781,5097.808,221.283
5069.995,5088.077,211.099
5070.481,5089.621,211.152
5071.275,5089.631,211.120
5072.253,5089.506,211.180
5072.579,5088.982,211.085
5072.969,5088.911,211.069
5073.637,5089.060,211.117
5074.060,5089.460,211.188
5075.406,5096.470,220.009
5075.990,5089.001,211.191
5076.210,5088.727,211.111
5076.298,5088.419,211.043
5076.614,5088.002,210.919
5077.115,5087.854,210.871
5078.698,5087.634,210.804
5079.758,5087.632,210.679
5079.964,5095.313,219.134
5080.158,5095.331,219.113
5080.193,5088.454,211.632
5080.824,5088.864,211.415
5080.932,5087.463,210.501
5080.964,5087.717,210.501
5081.238,5087.754,210.461
5081.340,5089.874,211.358
5081.585,5089.685,210.521
5081.632,5091.675,211.359
5081.679,5095.133,218.812
5081.833,5092.617,211.334
5082.057,5092.359,210.620
5082.307,5093.449,211.293
5084.633,5093.095,211.201
5084.790,5095.095,218.218
5084.831,5092.205,210.667
5087.253,5093.132,211.233
5087.309,5092.015,210.673
5087.628,5091.990,210.673
5088.146,5095.066,217.452
5089.028,5093.076,211.262
5089.061,5092.847,211.146
5089.891,5094.970,217.008
5089.978,5094.760,216.940
5090.563,5092.683,211.076
5092.285,5091.624,210.692
5092.357,5091.850,210.736
5093.337,5084.480,210.486
5093.348,5091.783,210.734
5093.455,5092.560,210.874
5093.476,5087.121,210.571
5093.567,5091.685,210.682
5093.655,5090.785,210.672
5094.660,5084.437,210.540
5095.007,5094.417,216.063
5096.935,5095.753,216.718
5102.144,5094.987,215.542
5106.551,5093.988,214.718
5108.573,5093.313,214.366
5151.683,5089.162,213.826
5151.688,5079.017,211.350
5152.571,5082.534,211.720
5153.085,5085.557,212.829
5155.241,5078.425,211.353
5155.660,5087.943,214.218
5155.906,5081.003,211.737
5156.235,5084.564,212.678
5157.786,5080.685,211.826
5160.864,5080.384,211.834
5160.998,5085.818,214.424
5161.423,5080.361,211.832
5161.585,5083.292,212.413
5164.526,5079.936,211.918
5164.713,5084.214,214.375
5167.258,5081.932,212.640
5168.553,5082.998,214.377
5067.500,5062.609,209.281
5067.551,5063.601,209.345
5067.583,5062.075,209.261
5067.741,5061.764,209.236
5067.822,5064.318,209.377
5067.998,5061.705,209.226
5068.285,5061.727,209.222
5068.367,5064.896,209.398
5069.139,5065.039,209.390
5070.994,5057.631,209.015
5071.070,5064.055,209.318
5071.201,5061.019,209.169
5071.392,5064.324,209.331
5071.588,5064.094,209.307
5072.250,5064.755,209.338
5072.417,5058.854,209.048
5072.473,5059.491,209.079
5072.618,5062.184,209.212
5072.685,5062.801,209.226
5072.759,5059.147,209.069
5072.966,5062.470,209.215
5073.025,5055.179,208.891
5073.483,5058.340,209.033
5073.922,5061.416,209.137
5074.064,5057.675,208.956
5074.083,5058.829,209.026
5074.311,5064.528,209.308
5074.877,5056.745,208.900
5075.324,5059.841,209.032
5075.471,5064.401,209.268
5075.473,5062.736,209.183
5075.811,5063.024,209.203
5075.958,5062.853,209.191
5076.210,5064.208,209.255
5076.815,5063.869,209.233
5077.090,5061.543,209.116
5077.338,5063.267,209.206
5077.529,5061.375,209.094
5077.709,5062.646,209.154
5077.731,5061.461,209.100
5077.871,5062.034,209.117
5077.891,5061.711,209.101
5105.522,5049.098,208.491
5108.790,5049.055,208.531
5110.896,5049.096,208.560
5159.803,5037.954,209.052
5096.439,5069.857,209.248
5096.509,5070.555,209.249
5097.382,5069.863,209.298
5097.473,5070.261,209.256
5078.310,5081.763,210.204
5078.412,5082.547,210.209
5082.566,5057.584,208.758
5083.518,5071.431,209.650
5083.761,5060.577,208.928
5101.003,5048.741,208.490
5101.725,5060.298,208.945
5047.719,5046.870,207.889
5048.464,5052.246,208.481
5049.669,5060.720,209.568
5049.825,5046.579,207.899
5050.130,5084.473,210.953
5050.400,5065.935,209.869
5050.596,5052.139,208.516
5051.193,5071.612,210.188
5052.080,5077.828,210.553
5052.878,5083.492,210.858
5066.762,5097.392,221.932
5071.393,5096.233,220.744
5075.437,5095.224,219.831
5079.640,5094.572,218.971
5081.529,5094.302,218.686
5003.676,5046.458,207.404
5004.686,5040.442,207.593
5008.646,5045.602,207.430
5008.864,5039.828,207.594
5016.605,5039.209,207.697
5021.633,5039.125,207.733
5025.583,5039.145,207.799
5034.621,5039.255,207.863
5040.889,5039.424,207.902
5047.705,5039.677,207.978
5052.082,5045.402,207.874
5055.063,5039.992,208.053
5056.922,5045.627,207.903
5058.813,5040.183,208.077
5061.926,5045.887,207.957
5065.962,5040.500,208.153
5069.056,5040.645,208.152
5072.691,5040.773,208.216
5080.716,5041.083,208.301
5082.933,5041.154,208.308
5085.099,5046.794,208.169
5085.109,5046.799,208.296
5089.855,5041.362,208.350
5094.144,5046.915,208.376
5094.189,5046.861,208.259
5096.682,5041.370,208.384
5099.975,5049.063,208.504
5100.001,5049.099,208.651
5100.941,5051.100,208.684
5100.984,5051.125,208.560
5101.726,5056.611,208.738
5101.777,5056.634,208.635
5102.265,5060.187,208.809
5102.272,5060.172,208.680
5102.277,5065.092,208.903
5102.339,5065.098,208.789
5102.365,5070.784,209.023
5102.407,5070.751,208.922
5103.213,5046.909,208.454
5103.228,5046.872,208.339
5103.896,5041.389,208.492
5105.482,5049.063,208.572
5105.504,5049.015,208.496
5105.506,5049.030,208.496
5105.595,5050.405,208.562
5105.633,5050.441,208.467
5107.185,5070.053,208.803
5107.193,5070.103,208.905
5109.970,5041.379,208.545
5111.552,5049.020,208.556
5111.582,5049.047,208.678
5111.647,5050.356,208.487
5111.654,5050.333,208.620
5111.839,5050.865,208.478
5111.858,5050.919,208.628
5111.886,5069.351,208.853
5111.905,5069.398,208.952
5111.931,5051.997,208.524
5111.982,5051.903,208.646
5112.668,5066.727,208.800
5112.698,5066.762,208.924
5112.845,5069.232,208.861
5112.876,5069.258,208.970
5116.411,5049.061,208.673
5116.476,5049.028,208.565
5116.679,5051.699,208.634
5116.797,5051.600,208.718
5116.804,5051.609,208.688
5117.417,5057.369,208.728
5117.456,5057.363,208.833
5117.544,5066.418,208.909
5117.551,5066.433,209.022
5117.571,5057.330,208.823
5117.665,5066.482,209.023
5117.738,5062.349,208.923
5117.754,5063.290,208.864
5117.778,5062.373,208.975
5117.788,5063.326,208.948
5117.875,5061.144,209.024
5117.882,5062.363,208.974
5117.900,5063.359,208.953
5120.797,5041.228,208.659
5124.407,5041.173,208.693
5127.328,5041.063,208.720
5133.246,5040.703,208.759
5136.576,5040.383,208.792
5137.446,5045.316,208.632
5140.235,5040.092,208.824
5145.482,5044.562,208.703
5148.568,5039.271,208.917
5149.480,5044.139,208.758
5153.616,5038.778,208.972
5153.643,5038.730,208.973
5160.808,5037.851,209.073
5163.587,5037.560,209.086
5038.483,5087.837,211.892
5038.709,5088.472,211.909
5043.822,5088.969,211.527
5044.370,5086.474,211.391
5045.373,5088.388,211.372
5046.232,5088.587,211.321
5046.608,5089.177,211.359
5049.603,5084.643,210.957
5115.741,5054.158,208.655
5115.926,5054.533,208.651
5115.995,5053.590,208.628
5116.306,5054.695,208.677
5116.436,5053.396,208.654
5116.474,5061.602,208.791
5116.508,5061.956,208.809
5116.621,5061.219,208.786
5116.679,5062.219,208.809
5116.824,5053.400,208.676
5116.975,5054.643,208.692
5116.991,5060.996,208.875
5117.007,5062.399,208.819
5117.699,5062.364,208.909
5117.715,5061.007,208.923
5009.634,5045.488,207.436
5009.858,5039.701,207.639
5011.636,5045.176,207.481
5012.677,5039.374,207.671
5015.583,5039.161,207.706
5020.615,5044.456,207.567
5026.597,5039.126,207.814
5028.730,5044.507,207.646
5030.741,5039.178,207.831
5033.621,5039.233,207.864
5037.779,5044.850,207.730
5044.838,5045.095,207.794
5050.835,5045.275,207.858
5059.550,5040.225,208.085
5061.987,5040.375,208.113
5062.978,5045.952,208.017
5062.990,5045.912,207.974
5064.953,5040.465,208.131
5069.988,5046.273,208.034
5069.996,5046.233,208.015
5073.811,5040.811,208.208
5076.425,5040.977,208.244
5077.009,5046.586,208.097
5077.026,5046.534,208.072
5079.717,5041.013,208.291
5083.951,5041.184,208.306
5084.053,5046.810,208.158
5084.062,5046.829,208.195
5088.869,5041.352,208.338
5104.250,5046.849,208.358
5104.270,5046.908,208.394
5109.074,5046.847,208.391
5109.076,5046.869,208.424
5110.971,5041.322,208.530
5115.098,5041.307,208.587
5116.571,5046.723,208.439
5116.574,5046.788,208.469
5118.977,5046.614,208.475
5119.817,5041.323,208.643
5126.378,5046.212,208.537
5128.344,5041.011,208.728
5132.252,5040.731,208.755
5136.446,5045.372,208.627
5141.194,5039.983,208.834
5144.369,5039.657,208.873
5147.601,5039.386,208.903
5150.497,5044.072,208.768
5154.626,5038.609,208.984
5155.069,5043.652,208.852
5157.833,5038.252,209.019
5159.873,5043.116,208.902
5164.202,5042.600,208.961
